1
3
7
15
31
63
127
255
511
1023
2047
4095
8191
16383
32767
65535
131071
262143
524287
1048575
2097151
4194303
8388607
16777215
33554431
67108863
134217727
268435455
536870911
1073741823
2147483647
4294967295
8589934591
17179869183
34359738367
68719476735
137438953471
274877906943
549755813887
1099511627775
2199023255551
4398046511103
8796093022207
17592186044415
35184372088831
70368744177663
140737488355327
281474976710655
562949953421311
1125899906842620
2251799813685240
4503599627370490
9007199254740990
18014398509481900
36028797018963900
72057594037927900
144115188075855000
288230376151711000
576460752303423000
1152921504606840000
2305843009213690000
4611686018427380000
9223372036854770000
18446744073709500000
36893488147419100000
73786976294838200000
147573952589676000000
295147905179352000000
590295810358705000000
1180591620717410000000
2361183241434820000000
4722366482869640000000
9444732965739290000000
18889465931478500000000
37778931862957100000000
75557863725914300000000
151115727451828000000000
302231454903657000000000
604462909807314000000000
1208925819614620000000000
2417851639229250000000000
4835703278458510000000000
9671406556917030000000000
19342813113834000000000000
38685626227668100000000000
77371252455336200000000000
154742504910672000000000000
309485009821345000000000000
618970019642690000000000000
1237940039285380000000000000
2475880078570760000000000000
4951760157141520000000000000
9903520314283040000000000000
19807040628566000000000000000
39614081257132100000000000000
79228162514264300000000000000
158456325028528000000000000000
316912650057057000000000000000
633825300114114000000000000000
1267650600228220000000000000000
2535301200456450000000000000000
5070602400912910000000000000000
10141204801825800000000000000000
20282409603651600000000000000000
40564819207303300000000000000000
81129638414606600000000000000000
162259276829213000000000000000000
324518553658426000000000000000000
649037107316853000000000000000000
1298074214633700000000000000000000
2596148429267410000000000000000000
5192296858534820000000000000000000
10384593717069600000000000000000000
20769187434139300000000000000000000
41538374868278600000000000000000000
83076749736557200000000000000000000
166153499473114000000000000000000000
332306998946228000000000000000000000
664613997892457000000000000000000000
1329227995784910000000000000000000000
2658455991569830000000000000000000000
5316911983139660000000000000000000000
10633823966279300000000000000000000000
21267647932558600000000000000000000000
42535295865117300000000000000000000000
85070591730234600000000000000000000000
170141183460469000000000000000000000000
340282366920938000000000000000000000000
680564733841876000000000000000000000000
1361129467683750000000000000000000000000
2722258935367500000000000000000000000000
5444517870735010000000000000000000000000
10889035741470000000000000000000000000000
21778071482940000000000000000000000000000
43556142965880100000000000000000000000000
87112285931760200000000000000000000000000
174224571863520000000000000000000000000000
348449143727040000000000000000000000000000
696898287454081000000000000000000000000000
1393796574908160000000000000000000000000000
2787593149816320000000000000000000000000000
5575186299632650000000000000000000000000000
11150372599265300000000000000000000000000000
22300745198530600000000000000000000000000000
44601490397061200000000000000000000000000000
89202980794122400000000000000000000000000000
78405961588244900000000000000000000000000000
356811923176489000000000000000000000000000000
713623846352979000000000000000000000000000000
427247692705959000000000000000000000000000000
2854495385411910000000000000000000000000000000
5708990770823830000000000000000000000000000000
11417981541647600000000000000000000000000000000
22835963083295300000000000000000000000000000000
45671926166590700000000000000000000000000000000
91343852333181400000000000000000000000000000000
182687704666362000000000000000000000000000000000
365375409332725000000000000000000000000000000000
730750818665451000000000000000000000000000000000
1461501637330900000000000000000000000000000000000